1 20253U 89077A   26279.55336696 -.00000380  00000-0  00000-0 0  9994
2 20253  12.3930 350.4797 0003516 239.7396 109.6045  1.00261977261671
1 20776U 90079A   26279.82168811 -.00000048  00000-0  00000-0 0  9991
2 20776  13.3033 349.1077 0002312 190.3708 172.6469  0.98576764  1147
1 22787U 93056A   26279.89054775  .00000113  00000-0  00000-0 0  9995
2 22787  11.9367   2.9239 0003468 249.5804 112.3046  1.00271047119676
1 23467U 95003A   26279.56255366 -.00000033  00000-0  00000-0 0  9990
2 23467   9.7167  12.7071 0003032 184.2677 193.0663  1.00272936116078
1 23967U 96042A   26279.44755345 -.00000261  00000-0  00000-0 0  9991
2 23967  11.2253  16.4510 0005900 140.4979 302.7058  1.00172475110608
1 25544U 98067A   26279.85327349  .00004482  00000-0  90204-4 0  9994
2 25544  51.6312 107.4774 0006843 231.4060 128.6316 15.48755863589064
1 25967U 99063A   26279.09638706 -.00000199  00000-0  00000-0 0  9991
2 25967   9.9491  26.6084 0004870 205.7597 154.2943  1.00272784 98458
1 27168U 02001A   26278.96205315  .00000087  00000-0  00000-0 0  9998
2 27168  11.3135  21.2121 0097928  10.0652 348.7301  1.00277063 34063
1 27607U 02058C   26279.88288964  .00000469  00000-0  73274-4 0  9992
2 27607  64.5513 143.3483 0070655 241.8541 117.5415 14.83242543281025
1 28117U 03057A   26279.86889105 -.00000114  00000-0  00000-0 0  9992
2 28117   9.0626  33.2259 0004063 172.9637 197.5135  1.00271355 83574
1 28899U 05044A   26279.77072792 -.00000273  00000-0  00000-0 0  9999
2 28899   5.2414  43.7265 0002731 163.7537 228.9351  1.00271729 76648
1 30794U 07007B   26279.87974020 -.00000283  00000-0  00000-0 0  9994
2 30794   5.5786  72.3225 0003637 135.2209 219.9230  1.00269812 71810
1 32294U 07056B   26279.93306453  .00000128  00000-0  00000-0 0  9998
2 32294   5.5288  72.1072 0003792 128.1833 176.3147  1.00274154 69318
1 35943U 09054B   26279.95366516  .00000008  00000-0  00000-0 0  9997
2 35943   0.0180 157.3890 0003276  51.7844 212.7739  1.00270202 62424
1 36582U 10021B   26279.92959490  .00000072  00000-0  00000-0 0  9990
2 36582   0.0092 203.1079 0003248  19.4115 140.9817  1.00276415 60076
1 38098U 12011A   26279.95876865 -.00000076  00000-0  00000-0 0  9997
2 38098   0.0108 215.0773 0001614 335.7129 242.1028  1.00271249  8302
1 39034U 12075A   26279.89531443  .00000082  00000-0  00000-0 0  9997
2 39034   0.0753 352.4930 0004088 212.5401 185.5991  1.00270973 50278
1 39215U 13038A   26279.75274793  .00000120  00000-0  00000-0 0  9998
2 39215   3.0051   0.5411 0003835 206.9980 103.7494  1.00272516 45130
1 40296U 14069A   26279.84793958  .00000195  00000-0  00000-0 0  9995
2 40296  63.4462 204.4936 6609988 269.7865  20.3251  2.00606300 87471
1 40931U 15052B   25151.18580782  .00001310  00000-0  87238-4 0  9990
2 40931   6.0001  24.1284 0012872 339.0660  20.8941 14.78806187523042
1 43678U 18084H   26279.92485478  .00001837  00000-0  14970-3 0  9995
2 43678  98.1158 121.0506 0013093 157.3241 202.8563 15.00782430432977
1 43700U 18090A   26279.89002774  .00000000  00000-0  00000-0 0  9995
2 43700   0.0225 181.1084 0001187  39.5002 141.1315  1.00271710 28795
1 43803U 18099AX  26279.74118737  .00014335  00000-0  39930-3 0  9992
2 43803  97.4009 343.1489 0004529 214.9402 145.1546 15.36894287430740
1 44453U 19046A   26279.38284375  .00000210  00000-0  00000-0 0  9999
2 44453  63.2317  36.2850 7102923 275.1095  14.5535  2.00616804 52570
1 44909U 19096E   26279.87997111  .00000039  00000-0  11749-3 0  9997
2 44909  82.5167 265.4776 0216393 243.1035 114.7807 12.79749695316632
1 45254U 20015A   26279.62812127 -.00000075  00000-0  00000-0 0  9996
2 45254  65.5402 307.3030 6823330 276.0369  16.1911  2.00616402 48527
1 52145U 22030A   26279.63166713  .00000163  00000-0  00000-0 0  9993
2 52145  62.6827 128.6782 6816428 272.8127  17.4355  2.00591168 33269
1 57167U 23091B   26010.59363612  .08733485  25619-5  12458-2 0  9993
2 57167  97.4978  91.1570 0009532 282.8011  77.2220 16.34765267141469
1 59112U 24043Q   26279.91304811  .00056583  00000-0  50813-3 0  9991
2 59112  97.5626  78.0220 0005253 147.7620 212.3963 15.68089262145346
1 67291U 25313AV  26279.63627792  .00010360  00000-0  37186-3 0  9995
2 67291  97.3839 353.8317 0007152 326.1689  33.9094 15.28847560 43007
1 26635U 00080A   21013.46269075 0.00000000  00000-0  00000-0 0    09
2 26635   9.2857  29.8038 0014383 186.3086 173.6859  1.00273100    09
1 34810U 09020A   26118.58802400 0.00000000  00000-0  00000-0 0    05
2 34810   3.0809  80.0043 0003222 250.4250 109.5484  1.00270000    01
1 40614U 15022B   26224.29852566 0.00000000  00000-0  00000-0 0    07
2 40614   0.0260 105.2065 0003453 359.0526   0.9474  1.00270000    03
